A1,A2,A3,A4,Activity
1.000,0.000,0.000,0.000,80
0.000,1.000,0.000,0.000,113.3
0.000,0.000,1.000,0.000,54.7
0.000,0.000,0.000,1.000,84.7
0.307,0.238,0.340,0.115,115.4
0.385,0.118,0.347,0.150,122.4
0.240,0.260,0.286,0.215,91.3
0.013,0.389,0.311,0.286,34.8
0.620,0.238,0.088,0.053,86.7
0.403,0.088,0.337,0.172,118.3
0.190,0.102,0.462,0.247,125
0.364,0.269,0.122,0.245,143.8
0.113,0.369,0.308,0.210,43.5
0.327,0.195,0.153,0.325,106.8
0.067,0.345,0.437,0.152,31.5
0.185,0.477,0.190,0.148,64.5
0.185,0.308,0.182,0.325,83.1
0.270,0.270,0.279,0.180,94.6
0.393,0.167,0.313,0.127,125.2
0.557,0.162,0.213,0.068,134.5
0.472,0.365,0.093,0.070,75.6
0.259,0.162,0.369,0.210,89
0.113,0.392,0.190,0.305,51
0.277,0.124,0.491,0.109,80.8
0.317,0.149,0.205,0.329,101.6
0.260,0.463,0.038,0.238,89.1
0.240,0.202,0.320,0.238,110.9
0.392,0.208,0.228,0.172,139.8
0.181,0.481,0.017,0.321,65.6
0.181,0.434,0.338,0.047,68.4
0.393,0.507,0.005,0.095,78.5
0.437,0.205,0.083,0.274,91.8
0.117,0.585,0.262,0.037,41.3
0.260,0.260,0.178,0.302,96.8
0.090,0.597,0.038,0.275,88.5
0.191,0.275,0.323,0.211,117.9
0.319,0.233,0.131,0.316,99
0.461,0.132,0.135,0.272,108.2
0.342,0.283,0.330,0.045,81.3
0.025,0.527,0.207,0.242,31.1
0.568,0.198,0.178,0.055,96.4
0.488,0.202,0.193,0.117,100.6
0.210,0.410,0.100,0.280,97.6
0.527,0.038,0.396,0.038,156.2
0.197,0.388,0.338,0.077,70.5
0.265,0.282,0.318,0.135,89.8
0.269,0.332,0.068,0.331,87.5
0.208,0.140,0.526,0.126,68.1
0.299,0.307,0.392,0.002,69.5
0.303,0.310,0.323,0.063,99.8
0.260,0.331,0.239,0.170,84.5
0.549,0.245,0.117,0.088,123.9
0.145,0.338,0.195,0.322,52.4
0.132,0.242,0.318,0.308,67
0.288,0.015,0.440,0.257,99
0.194,0.250,0.294,0.262,68.9
0.147,0.472,0.112,0.270,46.1
0.387,0.250,0.144,0.219,93.5
0.497,0.168,0.282,0.053,128.1
0.147,0.187,0.620,0.047,112.1
0.327,0.263,0.155,0.255,103
0.127,0.338,0.463,0.072,54.7
0.238,0.125,0.332,0.305,96
0.223,0.222,0.262,0.293,82.9
0.242,0.257,0.187,0.315,70.2
0.258,0.188,0.402,0.152,98.8
0.161,0.343,0.170,0.326,101.7
0.343,0.132,0.215,0.310,161.3
0.318,0.198,0.235,0.248,82.9
0.357,0.293,0.192,0.158,102.6
0.675,0.073,0.022,0.230,85.7
0.464,0.033,0.217,0.285,102.5
0.108,0.272,0.353,0.267,43
0.487,0.180,0.095,0.238,113.5
0.115,0.083,0.486,0.316,77.7
0.226,0.339,0.366,0.068,136.7
0.344,0.191,0.353,0.111,118.7
0.132,0.350,0.293,0.225,79.1
0.395,0.298,0.138,0.168,100.8
0.360,0.087,0.320,0.233,118.8
0.227,0.182,0.272,0.320,72.7
0.408,0.147,0.235,0.210,127.9
0.525,0.225,0.167,0.083,123.3
0.158,0.330,0.280,0.232,155.2
0.285,0.175,0.271,0.270,163.2
0.027,0.401,0.265,0.308,82.4
0.337,0.333,0.262,0.068,128.7
0.302,0.285,0.100,0.313,126.8
0.358,0.155,0.422,0.065,90.3
0.500,0.390,0.052,0.058,131.5
0.430,0.222,0.227,0.122,149.4
0.282,0.230,0.325,0.163,114.9
0.175,0.355,0.413,0.057,60.9
0.167,0.602,0.198,0.033,59.1
0.222,0.278,0.447,0.053,72.9
0.192,0.441,0.337,0.030,58.6
0.280,0.260,0.312,0.148,105.3
0.035,0.337,0.492,0.135,48
0.472,0.280,0.203,0.045,153.7
0.125,0.315,0.417,0.143,59.6
0.093,0.333,0.293,0.280,48.8
0.298,0.479,0.105,0.118,79.6
0.157,0.445,0.078,0.320,75.4
0.283,0.295,0.183,0.238,84.1
0.018,0.055,0.708,0.218,33.5
0.022,0.519,0.200,0.260,60.1
0.475,0.000,0.407,0.118,210.8
0.375,0.152,0.292,0.182,120.1
0.172,0.227,0.310,0.292,79.7
0.252,0.280,0.372,0.097,70.9
0.010,0.419,0.329,0.242,20.7
0.288,0.215,0.192,0.305,81
0.378,0.243,0.250,0.128,91.5
0.137,0.409,0.346,0.109,66.3
0.291,0.017,0.541,0.151,178.1
0.153,0.075,0.512,0.260,80.8
0.150,0.295,0.267,0.288,85.5
0.543,0.253,0.150,0.053,92.4
0.263,0.113,0.375,0.248,93.2
0.405,0.208,0.262,0.125,99
0.210,0.475,0.210,0.105,84.2
0.042,0.173,0.693,0.092,46.9
0.553,0.012,0.132,0.303,215.3
0.356,0.392,0.045,0.207,114.1
0.413,0.038,0.298,0.251,85.8
0.401,0.341,0.130,0.128,94.9
0.268,0.302,0.397,0.033,84.1
0.179,0.726,0.082,0.013,73
0.442,0.400,0.152,0.007,107.4
0.285,0.127,0.277,0.312,137.8
0.278,0.598,0.062,0.062,143.4
0.442,0.142,0.412,0.005,136.7
0.505,0.178,0.253,0.063,124.6
0.183,0.135,0.438,0.243,69.1
0.125,0.313,0.302,0.260,59.8
0.075,0.380,0.425,0.120,21.1
0.162,0.322,0.348,0.168,67.9
0.375,0.188,0.135,0.302,153.8
0.225,0.382,0.112,0.282,118.2
0.125,0.428,0.338,0.110,49.9
0.222,0.347,0.242,0.190,64.5
0.073,0.240,0.380,0.307,28.8
0.287,0.362,0.075,0.277,93.9
0.325,0.492,0.170,0.013,80.2
0.260,0.222,0.312,0.207,101.9
0.403,0.200,0.112,0.285,133.6
0.170,0.250,0.431,0.150,143.2
0.027,0.013,0.770,0.190,48.9
0.253,0.252,0.320,0.175,97.4
0.205,0.335,0.310,0.150,70.4
0.426,0.193,0.053,0.328,107.2
0.281,0.304,0.175,0.240,96.9
0.242,0.118,0.462,0.178,104.1
0.365,0.275,0.108,0.252,132.9
0.150,0.442,0.092,0.317,130.9
0.313,0.265,0.248,0.173,124.8
0.458,0.032,0.504,0.007,134.5
0.362,0.337,0.180,0.122,100.8
0.107,0.460,0.403,0.030,25.2
0.403,0.392,0.020,0.185,99.4
0.365,0.305,0.323,0.007,108.3
0.343,0.130,0.523,0.003,126.6
0.167,0.372,0.137,0.325,165.2
0.133,0.360,0.355,0.152,87.1
0.020,0.466,0.414,0.100,25.6
0.143,0.421,0.240,0.196,74.8
0.195,0.290,0.437,0.077,83.7
0.400,0.262,0.043,0.295,92.9
0.352,0.075,0.437,0.135,136.4
0.263,0.397,0.220,0.120,117.5
0.090,0.333,0.380,0.197,147.7
0.558,0.090,0.348,0.003,195.8
0.100,0.259,0.554,0.087,90.5
0.090,0.374,0.342,0.194,104.7
0.175,0.415,0.120,0.290,120.3
0.336,0.454,0.116,0.093,124.9
0.315,0.427,0.175,0.083,144.8
0.248,0.242,0.212,0.298,179.5
0.318,0.190,0.165,0.327,134.4
0.364,0.000,0.636,0.000,127
0.435,0.000,0.232,0.333,129.4
0.530,0.115,0.125,0.230,124.6
0.325,0.000,0.520,0.155,114.2
0.280,0.038,0.363,0.318,124.3
0.667,0.000,0.000,0.333,152.2
0.425,0.152,0.113,0.310,169.8
0.555,0.142,0.055,0.248,145.9
0.358,0.092,0.231,0.319,122.9
0.319,0.154,0.301,0.227,106
0.058,0.129,0.511,0.302,25.7
0.183,0.035,0.515,0.267,57
0.581,0.147,0.110,0.162,125.4
0.230,0.335,0.205,0.230,156
0.193,0.195,0.288,0.324,134.5
0.423,0.175,0.227,0.175,131.3
0.375,0.313,0.053,0.258,127.5
0.393,0.333,0.027,0.248,119.7
0.063,0.073,0.698,0.165,18.1
0.399,0.002,0.366,0.234,108.8
0.381,0.318,0.068,0.233,138.5
0.475,0.155,0.133,0.237,144.4
0.427,0.143,0.142,0.288,184
0.167,0.115,0.452,0.267,52
0.700,0.035,0.126,0.138,117.6
0.233,0.087,0.460,0.220,70.3
0.525,0.112,0.138,0.225,124.9
0.547,0.063,0.137,0.253,122.2
0.403,0.000,0.450,0.147,41.5
0.406,0.222,0.199,0.174,141.9
0.378,0.108,0.242,0.272,51.3
0.420,0.030,0.295,0.255,137.1
0.315,0.018,0.438,0.228,89.2
0.244,0.139,0.327,0.290,104.2
0.544,0.000,0.123,0.333,169.1
0.238,0.028,0.408,0.325,70.8
0.170,0.092,0.495,0.243,75.4
0.717,0.005,0.003,0.275,128.4
0.387,0.098,0.255,0.259,187.6
0.467,0.050,0.202,0.282,143.5
0.547,0.080,0.121,0.251,152.3
0.383,0.000,0.285,0.333,109
0.627,0.098,0.077,0.198,94.8
0.482,0.048,0.162,0.308,130.8
0.392,0.092,0.342,0.175,134
0.348,0.075,0.267,0.310,151.6
0.338,0.293,0.178,0.190,168.1
0.503,0.127,0.142,0.228,146.1
0.286,0.188,0.258,0.268,120
0.410,0.060,0.245,0.285,94.1
0.345,0.073,0.318,0.263,100.2
0.315,0.130,0.333,0.222,109.4
0.433,0.078,0.278,0.210,144.6
0.234,0.035,0.481,0.250,111.5
0.416,0.000,0.516,0.068,198.6
0.407,0.098,0.423,0.072,132.6
0.468,0.000,0.303,0.228,142.5
0.503,0.083,0.263,0.150,128.5
0.301,0.246,0.339,0.113,105.6
0.633,0.085,0.150,0.132,138.1
0.640,0.102,0.168,0.090,130.8
0.828,0.000,0.000,0.172,108.2
0.617,0.170,0.130,0.083,185.2
0.675,0.102,0.047,0.177,124.1
0.564,0.000,0.329,0.106,142.1
0.691,0.130,0.022,0.158,106
0.699,0.115,0.133,0.053,101.7
0.779,0.063,0.070,0.088,111.8
0.767,0.087,0.028,0.118,110.5
0.722,0.120,0.068,0.090,122.9
0.669,0.063,0.128,0.140,183.5
0.782,0.018,0.065,0.135,129.6
0.828,0.012,0.057,0.104,103.3
0.875,0.000,0.000,0.125,85.5
0.520,0.148,0.232,0.100,150.1
0.747,0.010,0.125,0.118,128.6
0.595,0.000,0.405,0.000,167.1
0.705,0.142,0.032,0.122,138.9
0.885,0.018,0.032,0.065,142.4
0.812,0.005,0.115,0.068,136.8
0.763,0.137,0.012,0.088,144.6
0.725,0.033,0.115,0.127,117.6
0.837,0.045,0.068,0.050,125.2
0.875,0.013,0.042,0.070,121.9
0.738,0.052,0.127,0.083,160.3
0.785,0.057,0.083,0.075,150
0.120,0.417,0.373,0.090,91.3
0.040,0.235,0.523,0.202,71.2
0.457,0.283,0.082,0.178,163.6
0.412,0.440,0.003,0.145,179.1
0.272,0.388,0.283,0.057,132.9
0.397,0.422,0.137,0.045,172.1
0.258,0.233,0.247,0.262,190.8
0.460,0.005,0.447,0.088,208.1
0.236,0.334,0.253,0.176,130.1
0.459,0.154,0.174,0.214,167
0.328,0.263,0.343,0.065,134.8
0.197,0.208,0.278,0.317,111.8
0.017,0.448,0.297,0.238,52.9
0.289,0.270,0.282,0.159,141.5
0.211,0.331,0.349,0.108,160.2
0.415,0.202,0.132,0.252,207.9
0.310,0.207,0.245,0.238,135.2
0.473,0.095,0.122,0.310,155.4
0.371,0.147,0.447,0.035,127.3
0.347,0.292,0.320,0.042,132.5
0.285,0.348,0.082,0.285,130.2
0.318,0.155,0.488,0.038,150.1
0.020,0.200,0.520,0.260,80.9
0.270,0.088,0.333,0.308,162.7
0.505,0.477,0.013,0.005,164.4
0.508,0.138,0.225,0.128,158.8
0.160,0.135,0.375,0.330,83.5
0.301,0.112,0.374,0.214,114.4
0.354,0.381,0.255,0.010,132.6
0.315,0.290,0.290,0.105,153
0.262,0.332,0.230,0.177,182.8
0.255,0.313,0.107,0.325,199.7
0.038,0.437,0.215,0.310,79.4
0.340,0.220,0.280,0.160,160.7
0.195,0.333,0.325,0.147,102
0.295,0.328,0.128,0.248,124.8
0.174,0.563,0.139,0.125,108.8
0.023,0.395,0.387,0.195,65.2
0.172,0.465,0.077,0.287,163.1
0.163,0.467,0.073,0.297,195.8
0.258,0.308,0.298,0.136,132.9
0.287,0.088,0.353,0.272,137.7
0.145,0.535,0.270,0.050,91.2
0.407,0.350,0.117,0.127,126.1
0.247,0.145,0.500,0.108,103.5
0.237,0.385,0.173,0.205,141.4
0.315,0.198,0.343,0.143,196.9
0.583,0.038,0.376,0.003,207.1
0.184,0.337,0.461,0.018,98.2
0.175,0.412,0.092,0.322,137.3
0.223,0.355,0.127,0.295,141.3
0.095,0.422,0.228,0.255,87.4
0.159,0.643,0.093,0.105,110.8
0.242,0.100,0.624,0.033,131.8
0.114,0.471,0.262,0.154,125.3
0.205,0.305,0.323,0.167,186.9
0.125,0.316,0.268,0.291,115.5
0.077,0.260,0.332,0.332,77.5
0.160,0.341,0.317,0.182,110.6
0.328,0.348,0.315,0.008,132.1
0.175,0.240,0.369,0.216,95.6
0.043,0.167,0.520,0.270,64.5
0.267,0.320,0.382,0.032,173.6
0.103,0.350,0.287,0.260,149
0.315,0.317,0.065,0.303,191.2
0.063,0.213,0.510,0.213,82.3
0.052,0.300,0.462,0.187,56.9
0.278,0.257,0.372,0.093,131.8
0.406,0.274,0.237,0.083,156.6
0.215,0.220,0.337,0.228,138
0.347,0.068,0.382,0.203,173.6
0.432,0.085,0.359,0.124,244.9
0.267,0.133,0.407,0.193,194.2
0.202,0.210,0.507,0.082,145.9
0.252,0.332,0.295,0.122,168.2
0.253,0.300,0.190,0.258,160.5
0.012,0.322,0.372,0.295,75.7
0.055,0.260,0.467,0.218,102.2
0.612,0.190,0.196,0.002,220.1
0.238,0.265,0.308,0.188,276
0.175,0.444,0.200,0.180,212.6
0.200,0.314,0.218,0.268,202.1
0.033,0.412,0.388,0.167,124.5
0.072,0.347,0.335,0.247,133.9
0.065,0.302,0.340,0.293,140.5
0.463,0.203,0.292,0.042,232.8
0.432,0.033,0.293,0.242,245.1
0.207,0.528,0.177,0.088,105.1
0.175,0.508,0.100,0.217,99.1
0.415,0.483,0.082,0.020,95.7
0.250,0.750,0.000,0.000,93
0.272,0.303,0.220,0.205,102.8
0.131,0.642,0.211,0.015,100.2
0.038,0.375,0.243,0.343,92
0.102,0.407,0.199,0.292,141.6
0.293,0.455,0.205,0.047,104.7
0.070,0.368,0.368,0.193,61.1
0.037,0.433,0.195,0.335,64.6
0.018,0.238,0.717,0.027,29.8
0.327,0.328,0.260,0.085,83.8
0.025,0.331,0.391,0.254,64.7
0.254,0.441,0.020,0.285,107.9
0.000,0.377,0.065,0.558,130.5
0.065,0.436,0.207,0.292,75.5
0.170,0.327,0.392,0.112,81.6
0.413,0.000,0.000,0.587,101.6
0.357,0.491,0.098,0.053,94.4
0.112,0.250,0.387,0.252,66.2
0.135,0.514,0.282,0.068,84.5
0.242,0.463,0.077,0.218,103.4
0.242,0.058,0.145,0.554,184.9
0.018,0.192,0.158,0.632,78.9
0.445,0.070,0.082,0.403,105.9
0.266,0.233,0.433,0.068,94.2
0.097,0.225,0.000,0.678,109.7
0.409,0.000,0.591,0.000,104.4
0.132,0.362,0.225,0.282,99
0.275,0.225,0.352,0.148,110.1
0.232,0.093,0.302,0.372,171.7
0.148,0.282,0.337,0.233,97.6
0.223,0.015,0.366,0.396,116.7
0.212,0.322,0.090,0.377,95.6
0.400,0.130,0.203,0.267,106.2
0.326,0.250,0.265,0.160,94
0.220,0.000,0.000,0.780,146.8
0.062,0.420,0.208,0.310,85.5
0.383,0.617,0.000,0.000,116.7
0.249,0.569,0.110,0.072,103
0.178,0.363,0.330,0.128,93.6
0.251,0.484,0.186,0.078,90.4
0.248,0.620,0.087,0.045,84.1
0.119,0.169,0.571,0.142,65.2
0.545,0.308,0.090,0.057,98.6
0.293,0.443,0.223,0.040,104.3
0.313,0.367,0.070,0.250,141.1
0.320,0.260,0.367,0.053,105.8
0.323,0.392,0.117,0.168,98.9
0.202,0.402,0.165,0.232,92.5
0.285,0.308,0.015,0.392,98
0.162,0.368,0.030,0.440,92.9
0.272,0.532,0.127,0.070,99.4
0.215,0.256,0.338,0.191,126.4
0.635,0.048,0.215,0.102,124.5
0.280,0.068,0.208,0.443,134
0.413,0.093,0.270,0.223,114.6
0.326,0.007,0.558,0.110,128.4
0.281,0.371,0.304,0.043,96.4
0.406,0.010,0.258,0.326,129.6
0.418,0.115,0.372,0.095,132.8
0.376,0.165,0.431,0.028,169.3
0.473,0.020,0.183,0.323,125.5
0.602,0.000,0.256,0.141,96
0.528,0.000,0.472,0.000,93.7
0.603,0.140,0.040,0.217,86.8
0.510,0.065,0.235,0.190,98.8
0.588,0.093,0.167,0.152,103
0.678,0.000,0.322,0.000,89.1
0.607,0.170,0.110,0.113,139.1
0.652,0.000,0.273,0.075,112.1
0.601,0.000,0.175,0.224,108
0.747,0.000,0.253,0.000,89.2
0.667,0.065,0.267,0.002,96.9
0.708,0.087,0.065,0.140,85.2
0.665,0.060,0.105,0.170,97.6
0.762,0.238,0.000,0.000,85
0.520,0.000,0.002,0.478,154.1
0.666,0.193,0.080,0.062,121.5
0.656,0.127,0.130,0.087,117.5
0.627,0.128,0.243,0.002,124.8
0.762,0.033,0.178,0.027,95.7
0.658,0.125,0.178,0.038,106.1
0.797,0.047,0.135,0.022,95.5
0.565,0.115,0.178,0.142,125.3
0.254,0.396,0.115,0.235,129.5
0.295,0.267,0.293,0.145,133
0.083,0.407,0.295,0.214,90.9
0.410,0.097,0.353,0.140,144.3
0.549,0.240,0.187,0.023,105
0.007,0.055,0.710,0.228,80.1
0.271,0.015,0.542,0.171,170.2
0.275,0.242,0.440,0.043,158.4
0.405,0.253,0.332,0.010,130.4
0.243,0.255,0.295,0.207,129.3
0.346,0.113,0.438,0.103,134.2
0.248,0.223,0.265,0.263,123.1
0.114,0.489,0.326,0.072,55.9
0.218,0.193,0.275,0.313,115.3
0.438,0.447,0.100,0.015,122.6
0.418,0.245,0.320,0.017,160.5
0.397,0.205,0.173,0.225,122.4
0.185,0.277,0.207,0.332,121.2
0.206,0.348,0.160,0.286,94.7
0.342,0.112,0.337,0.210,130.8
0.337,0.220,0.390,0.053,109.7
0.171,0.461,0.231,0.136,93.4
0.334,0.181,0.304,0.180,142.7
0.255,0.348,0.168,0.228,121
0.290,0.270,0.173,0.267,116.3
0.387,0.067,0.449,0.097,136.6
0.313,0.285,0.108,0.295,111.1
0.173,0.227,0.432,0.168,105
0.330,0.253,0.233,0.183,104.5
0.127,0.375,0.352,0.147,76.5
0.125,0.264,0.302,0.309,110.5
0.210,0.343,0.226,0.221,141.6
0.147,0.232,0.292,0.330,118.2
0.205,0.258,0.306,0.231,127.7
0.484,0.429,0.065,0.022,108.8
0.384,0.431,0.184,0.002,106.2
0.152,0.331,0.200,0.317,88.3
0.110,0.413,0.350,0.127,85.3
0.165,0.300,0.250,0.285,116.7
0.283,0.113,0.532,0.072,154
0.487,0.030,0.160,0.322,120.3
0.275,0.015,0.493,0.218,174.1
0.147,0.150,0.683,0.020,94.8
0.194,0.302,0.377,0.127,101.1
0.403,0.323,0.005,0.270,97.1
0.295,0.288,0.103,0.313,124.6
0.387,0.258,0.102,0.253,118.8
0.434,0.404,0.115,0.047,127.8
0.202,0.292,0.183,0.323,110
0.295,0.309,0.183,0.213,127.2
0.270,0.005,0.403,0.323,160.5
0.292,0.274,0.229,0.205,91.8
0.190,0.188,0.507,0.115,102
0.153,0.322,0.375,0.150,93.8
0.416,0.194,0.098,0.292,122
0.277,0.333,0.368,0.022,139.5
0.077,0.448,0.353,0.122,84.5
0.220,0.192,0.299,0.289,140.5
0.270,0.037,0.380,0.313,150
0.286,0.053,0.577,0.083,148.4
0.435,0.112,0.143,0.310,112.5
0.115,0.250,0.372,0.263,102.7
0.307,0.315,0.253,0.125,131.6
0.223,0.382,0.280,0.115,139.6
0.218,0.310,0.245,0.227,122.9
0.355,0.063,0.405,0.177,147.7
0.247,0.382,0.090,0.282,115
0.294,0.316,0.312,0.078,87.9
0.136,0.196,0.378,0.290,98.7
0.115,0.265,0.298,0.322,106.1
0.716,0.085,0.190,0.008,118.8
0.508,0.068,0.299,0.125,169.4
0.377,0.110,0.329,0.184,115
0.132,0.442,0.188,0.238,126.4
0.219,0.227,0.269,0.285,129.1
0.455,0.540,0.002,0.003,119.7
0.282,0.355,0.125,0.238,114.4
0.114,0.361,0.311,0.215,110.3
0.324,0.170,0.280,0.225,154.8
0.357,0.395,0.135,0.113,184.6
0.227,0.168,0.293,0.312,202
0.428,0.042,0.372,0.158,186.1
0.524,0.030,0.313,0.133,170.2
0.626,0.162,0.053,0.159,111.6
0.198,0.197,0.272,0.333,143.4
0.180,0.180,0.325,0.315,156.8
0.329,0.083,0.519,0.068,195.8
0.008,0.267,0.225,0.500,98.8
0.078,0.113,0.223,0.585,166.4
0.038,0.027,0.342,0.593,79.8
0.040,0.028,0.360,0.572,128.7
0.082,0.023,0.310,0.585,126.4
0.032,0.100,0.272,0.597,111.8
0.035,0.033,0.365,0.567,136.6
0.027,0.063,0.340,0.570,166.4
0.043,0.040,0.355,0.562,116.1
0.035,0.020,0.380,0.565,134.4
0.043,0.035,0.367,0.555,74.4
0.015,0.043,0.407,0.535,109.1
0.073,0.030,0.365,0.532,118.9
0.035,0.043,0.375,0.547,102
0.020,0.073,0.345,0.562,168.2
0.047,0.042,0.346,0.566,180.6
0.052,0.050,0.377,0.522,115.3
0.042,0.038,0.385,0.535,133.3
0.043,0.075,0.360,0.522,94.7
0.022,0.077,0.387,0.515,98.6
0.062,0.073,0.334,0.531,107.9
0.339,0.023,0.002,0.636,139.8
0.388,0.028,0.030,0.553,167.4
0.337,0.005,0.057,0.602,275.6
0.337,0.028,0.057,0.578,189.7
0.374,0.038,0.057,0.531,176.3
0.355,0.053,0.052,0.540,109
0.382,0.037,0.030,0.552,116.6
0.354,0.035,0.055,0.556,131.1
0.351,0.045,0.032,0.572,107.5
0.400,0.000,0.045,0.555,180
0.357,0.047,0.108,0.488,281.8
0.402,0.012,0.112,0.475,195.2
0.435,0.033,0.072,0.460,137.8
0.414,0.008,0.070,0.507,117.9
0.412,0.032,0.080,0.477,121.5
0.417,0.047,0.028,0.508,121
0.428,0.033,0.022,0.517,96.4
0.414,0.033,0.013,0.539,150
0.457,0.008,0.002,0.533,232.2
0.427,0.077,0.008,0.488,156.5
0.420,0.030,0.007,0.543,193.4
0.378,0.167,0.000,0.455,123.9
0.403,0.088,0.033,0.476,133.3
0.369,0.110,0.027,0.494,135.9
0.326,0.130,0.002,0.543,86.7
0.295,0.097,0.107,0.502,225.6
0.290,0.137,0.112,0.461,191.6
0.256,0.131,0.118,0.494,172.1
0.240,0.127,0.123,0.510,205.2
0.695,0.115,0.183,0.007,102.2
0.690,0.057,0.137,0.117,98.6
0.740,0.062,0.148,0.050,90.3
0.743,0.045,0.148,0.063,79.4
0.757,0.023,0.135,0.085,117.3
0.687,0.097,0.148,0.068,137.3
0.758,0.047,0.123,0.072,104.1
0.875,0.033,0.088,0.003,96.7
0.872,0.012,0.085,0.032,89.8
0.872,0.027,0.070,0.032,83.4
0.895,0.042,0.042,0.022,90.4
0.910,0.012,0.045,0.033,89.9
0.908,0.013,0.047,0.032,115.2
0.892,0.015,0.047,0.047,108.3
0.590,0.205,0.025,0.180,128.6
0.575,0.237,0.030,0.158,126.5
0.552,0.250,0.007,0.192,114.8
0.532,0.245,0.085,0.138,106.4
0.560,0.213,0.075,0.152,116.6
0.556,0.247,0.090,0.107,95.8
0.533,0.257,0.073,0.137,156.1
0.538,0.215,0.095,0.152,170.7
0.546,0.195,0.143,0.116,148.6
0.581,0.204,0.102,0.114,147.4
0.523,0.203,0.142,0.132,137
0.546,0.179,0.135,0.140,117.9
0.482,0.182,0.192,0.145,134.9
0.491,0.205,0.177,0.127,110.5
0.492,0.197,0.155,0.155,191.6
0.340,0.118,0.438,0.103,218.6
0.388,0.097,0.432,0.083,220.4
0.378,0.118,0.432,0.072,262.3
0.385,0.115,0.422,0.078,197.8
0.359,0.114,0.419,0.109,145.9
0.320,0.087,0.453,0.140,185.2
0.311,0.058,0.479,0.152,133.7
0.318,0.052,0.462,0.168,295.2
0.013,0.285,0.426,0.276,52.3
0.339,0.290,0.262,0.109,127.2
0.097,0.269,0.235,0.399,101.2
0.161,0.381,0.153,0.304,118.8
0.287,0.177,0.158,0.378,144.3
0.235,0.199,0.279,0.287,139.5
0.250,0.308,0.327,0.115,162.5
0.171,0.454,0.230,0.145,124.1
0.053,0.197,0.500,0.250,48.6
0.467,0.152,0.118,0.263,116.6
0.492,0.340,0.057,0.112,108.3
0.207,0.358,0.332,0.103,103.1
0.206,0.125,0.156,0.512,146.3
0.195,0.309,0.180,0.316,110.7
0.283,0.345,0.335,0.037,150.4
0.255,0.168,0.267,0.310,152.2
0.105,0.351,0.351,0.194,80.7
0.288,0.335,0.312,0.065,104.6
0.184,0.252,0.257,0.307,99.1
0.030,0.290,0.574,0.105,38.8
0.305,0.112,0.283,0.300,127.7
0.360,0.128,0.097,0.415,111.6
0.282,0.273,0.087,0.358,162.5
0.253,0.678,0.063,0.005,128.8
0.191,0.288,0.502,0.018,102
0.198,0.210,0.452,0.140,105.7
0.128,0.072,0.095,0.705,131.5
0.067,0.148,0.312,0.473,91.4
0.145,0.126,0.278,0.451,123.1
0.293,0.287,0.178,0.242,132.6
0.343,0.351,0.146,0.160,108.2
0.073,0.408,0.090,0.428,136
0.391,0.290,0.159,0.160,107.2
0.350,0.153,0.213,0.283,117.3
0.272,0.240,0.305,0.183,128.1
0.132,0.330,0.187,0.352,108.2
0.048,0.037,0.318,0.597,95
0.341,0.048,0.198,0.413,129
0.127,0.133,0.262,0.478,149.3
0.384,0.146,0.113,0.356,161.3
0.268,0.523,0.067,0.142,112.4
0.343,0.047,0.387,0.223,148.4
0.177,0.545,0.235,0.043,85.3
0.290,0.470,0.172,0.068,111.1
0.507,0.176,0.140,0.176,104.8
0.120,0.381,0.393,0.106,96.9
0.348,0.063,0.195,0.393,132.2
0.338,0.110,0.383,0.168,140.9
0.065,0.308,0.348,0.278,73
0.311,0.028,0.269,0.392,136
0.388,0.335,0.153,0.123,116.9
0.243,0.111,0.308,0.338,138.9
0.020,0.268,0.353,0.358,48.1
0.271,0.131,0.569,0.028,116
0.283,0.408,0.280,0.028,87.8
0.192,0.270,0.205,0.332,131
0.303,0.218,0.137,0.342,139.4
0.362,0.087,0.115,0.436,149
0.110,0.355,0.103,0.432,121.6
0.235,0.264,0.245,0.255,115
0.213,0.118,0.318,0.350,133.8
0.282,0.178,0.260,0.280,144.3
0.409,0.078,0.386,0.127,128.3
0.305,0.247,0.020,0.428,168.9
0.425,0.070,0.057,0.448,155.1
0.177,0.531,0.185,0.107,110.8
0.277,0.093,0.503,0.127,136
0.453,0.048,0.002,0.497,149.3
0.172,0.375,0.380,0.073,103
0.195,0.387,0.285,0.133,124.8
0.390,0.380,0.200,0.030,103.6
0.183,0.313,0.277,0.227,163.4
0.080,0.235,0.197,0.488,127.3
0.225,0.240,0.282,0.253,140.1
0.305,0.242,0.190,0.263,148.2
0.130,0.193,0.367,0.310,123.2
0.270,0.193,0.213,0.323,138
0.208,0.262,0.182,0.348,129.4
0.205,0.127,0.493,0.175,147.5
0.032,0.123,0.408,0.437,172
0.278,0.267,0.163,0.292,194.1
0.228,0.063,0.332,0.377,201.9
0.192,0.183,0.303,0.322,180.9
0.797,0.008,0.188,0.007,124.5
0.358,0.060,0.303,0.278,189.6
0.312,0.180,0.155,0.352,167.6
0.182,0.773,0.035,0.010,111.8
